3.056695e-03 1.615050e+04 9.703782e+03
5.078707e-03 1.536240e+04 5.491121e+03
7.047442e-03 2.382896e+04 1.147616e+04
9.029362e-03 2.731197e+04 2.398130e+04
1.102004e-02 2.864770e+04 3.168295e+04
1.301307e-02 2.974246e+04 1.515832e+04
1.502187e-02 2.710754e+04 1.409660e+04
1.703168e-02 2.985849e+04 1.460264e+04
1.902552e-02 2.880320e+04 7.191168e+03
2.101580e-02 2.684781e+04 1.414646e+04
2.301027e-02 2.735043e+04 1.109642e+04
2.501420e-02 2.439467e+04 9.376072e+03
2.702335e-02 2.391280e+04 1.213133e+04
2.902029e-02 2.280532e+04 1.500990e+04
3.102078e-02 2.240217e+04 1.271963e+04
3.302532e-02 2.109979e+04 1.154406e+04
3.502195e-02 2.013492e+04 9.851575e+03
3.701902e-02 2.037593e+04 1.058078e+04
3.902772e-02 1.915574e+04 9.706748e+03
4.103208e-02 1.816966e+04 7.974861e+03
4.301674e-02 1.686753e+04 7.290435e+03
4.499891e-02 1.588338e+04 8.134789e+03
4.701060e-02 1.549533e+04 8.869742e+03
4.901896e-02 1.512576e+04 8.180583e+03
5.101588e-02 1.451556e+04 7.179975e+03
5.301161e-02 1.439039e+04 8.062120e+03
5.501309e-02 1.414166e+04 7.117876e+03
5.701194e-02 1.396173e+04 7.925493e+03
5.901171e-02 1.338989e+04 6.280614e+03
6.101346e-02 1.324967e+04 7.215228e+03
6.301150e-02 1.276974e+04 6.683125e+03
6.501193e-02 1.229324e+04 5.166087e+03
6.701226e-02 1.194871e+04 5.056305e+03
6.900866e-02 1.207269e+04 5.136629e+03
7.101031e-02 1.200011e+04 6.335885e+03
7.301177e-02 1.114472e+04 6.718894e+03
7.500939e-02 1.070767e+04 5.884838e+03
7.701105e-02 1.043940e+04 4.990773e+03
7.901179e-02 1.027466e+04 4.806146e+03
8.101111e-02 9.819668e+03 5.399607e+03
8.300944e-02 9.540380e+03 5.168437e+03
8.500653e-02 9.297896e+03 5.062152e+03
8.701029e-02 8.859874e+03 4.056461e+03
8.900984e-02 8.457807e+03 3.684123e+03
9.100820e-02 8.170248e+03 3.685896e+03
9.300720e-02 7.862861e+03 3.470902e+03
9.500857e-02 7.422639e+03 3.578122e+03
9.701199e-02 7.038088e+03 3.193051e+03
9.901325e-02 6.945182e+03 3.074899e+03
1.010122e-01 6.776181e+03 3.309196e+03
1.030100e-01 6.491438e+03 2.980870e+03
1.050098e-01 6.229008e+03 2.506631e+03
1.070082e-01 6.335100e+03 2.701819e+03
1.090051e-01 6.236333e+03 2.737795e+03
1.110077e-01 6.060905e+03 2.643877e+03
1.130076e-01 6.029473e+03 2.529432e+03
1.150082e-01 5.871439e+03 2.199818e+03
1.170105e-01 5.682575e+03 2.395041e+03
1.190113e-01 5.584850e+03 2.452354e+03
1.210075e-01 5.606031e+03 2.571312e+03
1.230039e-01 5.380691e+03 2.458819e+03
1.250039e-01 5.372737e+03 2.461725e+03
1.270080e-01 5.330274e+03 2.425585e+03
1.290050e-01 5.136521e+03 2.220438e+03
1.310020e-01 5.055273e+03 2.076897e+03
1.330036e-01 4.896937e+03 1.752467e+03
1.350020e-01 4.816783e+03 2.051798e+03
1.370013e-01 4.723574e+03 2.134902e+03
1.390007e-01 4.609472e+03 1.954874e+03
1.410022e-01 4.474086e+03 1.758620e+03
1.430051e-01 4.444324e+03 1.800239e+03
1.450041e-01 4.359734e+03 1.963798e+03
1.470046e-01 4.164698e+03 1.697540e+03
1.490043e-01 4.061120e+03 1.627220e+03
1.510058e-01 3.918424e+03 1.578145e+03
1.530028e-01 3.827802e+03 1.506186e+03
1.550006e-01 3.772578e+03 1.522909e+03
1.570014e-01 3.713831e+03 1.643421e+03
1.590048e-01 3.608446e+03 1.572347e+03
1.610073e-01 3.540835e+03 1.522746e+03
1.630064e-01 3.463393e+03 1.464248e+03
1.650030e-01 3.397671e+03 1.509779e+03
1.670029e-01 3.374642e+03 1.369006e+03
1.690004e-01 3.316404e+03 1.290959e+03
1.710013e-01 3.274238e+03 1.290246e+03
1.730034e-01 3.204878e+03 1.312525e+03
1.750048e-01 3.208095e+03 1.396229e+03
1.770033e-01 3.129022e+03 1.271169e+03
1.790025e-01 3.067034e+03 1.265423e+03
1.810035e-01 2.980052e+03 1.200917e+03
1.830032e-01 2.962926e+03 1.249393e+03
1.850010e-01 2.940741e+03 1.218228e+03
1.870018e-01 2.883510e+03 1.105470e+03
1.890031e-01 2.856903e+03 1.120330e+03
1.910033e-01 2.818547e+03 9.988528e+02
1.930016e-01 2.787799e+03 1.019034e+03
1.950022e-01 2.716365e+03 9.688152e+02
1.970023e-01 2.656019e+03 9.345763e+02
1.990027e-01 2.602125e+03 8.810462e+02
2.010019e-01 2.595256e+03 9.151740e+02
2.030010e-01 2.528133e+03 8.735484e+02
2.050019e-01 2.477520e+03 8.525220e+02
2.070016e-01 2.429843e+03 8.608056e+02
2.090011e-01 2.432938e+03 9.493664e+02
2.110036e-01 2.373357e+03 8.576021e+02
2.130049e-01 2.325716e+03 8.603294e+02
2.150037e-01 2.307962e+03 9.212928e+02
2.170005e-01 2.213523e+03 8.665947e+02
2.190023e-01 2.211697e+03 7.622511e+02
2.210042e-01 2.150399e+03 7.328262e+02
2.230035e-01 2.117864e+03 6.958863e+02
2.250035e-01 2.111178e+03 7.546304e+02
2.270038e-01 2.062364e+03 6.953741e+02
2.290019e-01 2.050717e+03 7.286066e+02
2.310010e-01 2.016068e+03 6.947831e+02
2.330021e-01 1.986202e+03 6.983588e+02
2.350034e-01 1.970758e+03 6.229827e+02
2.370042e-01 1.933868e+03 6.063048e+02
2.390050e-01 1.891125e+03 6.749039e+02
2.410041e-01 1.894465e+03 6.297914e+02
2.430041e-01 1.908571e+03 6.457622e+02
2.450048e-01 1.878385e+03 6.254332e+02
2.470042e-01 1.815803e+03 5.775527e+02
2.490038e-01 1.803423e+03 6.131799e+02
2.510050e-01 1.785807e+03 6.003022e+02
2.530033e-01 1.757527e+03 5.749797e+02
2.550032e-01 1.728993e+03 4.932262e+02
2.570037e-01 1.690823e+03 5.628579e+02
2.590038e-01 1.677989e+03 5.196755e+02
2.610030e-01 1.655215e+03 5.255642e+02
2.630035e-01 1.650219e+03 5.834805e+02
2.650029e-01 1.605614e+03 5.817411e+02
2.670028e-01 1.604895e+03 5.750420e+02
2.690027e-01 1.557268e+03 5.426782e+02
2.710027e-01 1.544285e+03 5.497684e+02
2.730026e-01 1.536156e+03 5.190256e+02
2.750028e-01 1.494302e+03 4.439603e+02
2.770024e-01 1.484310e+03 4.302230e+02
2.790015e-01 1.482992e+03 4.762162e+02
2.810013e-01 1.447888e+03 4.463080e+02
2.830042e-01 1.448172e+03 4.397525e+02
2.850038e-01 1.420992e+03 4.695894e+02
2.870034e-01 1.398344e+03 5.138968e+02
2.890034e-01 1.386115e+03 4.497306e+02
2.910041e-01 1.346226e+03 3.844826e+02
2.930025e-01 1.339691e+03 4.032340e+02
2.950026e-01 1.306458e+03 3.961455e+02
2.970031e-01 1.304360e+03 4.146438e+02
2.990041e-01 1.296182e+03 4.124427e+02
3.010033e-01 1.287986e+03 4.180014e+02
3.030028e-01 1.277014e+03 3.836805e+02
3.050029e-01 1.268730e+03 3.678315e+02
3.070032e-01 1.250914e+03 3.567498e+02
3.090018e-01 1.229384e+03 3.435843e+02
3.110008e-01 1.225513e+03 3.396600e+02
3.130013e-01 1.219307e+03 3.376440e+02
3.150023e-01 1.196051e+03 3.175085e+02
3.170013e-01 1.176810e+03 3.261175e+02
3.190021e-01 1.157298e+03 3.185554e+02
3.210031e-01 1.161826e+03 3.294250e+02
3.230030e-01 1.141293e+03 3.559203e+02
3.250018e-01 1.110535e+03 3.094537e+02
3.270019e-01 1.107065e+03 3.089543e+02
3.290027e-01 1.092194e+03 3.045414e+02
3.310027e-01 1.081099e+03 2.899074e+02
3.330022e-01 1.082232e+03 3.016191e+02
3.350029e-01 1.051789e+03 2.869669e+02
3.370019e-01 1.048045e+03 2.613143e+02
3.390004e-01 1.043090e+03 2.837140e+02
3.410006e-01 1.021721e+03 2.834445e+02
3.430020e-01 1.002475e+03 2.729842e+02
3.450025e-01 9.933687e+02 2.701837e+02
3.470025e-01 9.887673e+02 2.524316e+02
3.490027e-01 9.847239e+02 2.865052e+02
3.510031e-01 9.646240e+02 2.915184e+02
3.530024e-01 9.543525e+02 2.825628e+02
3.550016e-01 9.574209e+02 2.761200e+02
3.570011e-01 9.437461e+02 2.940443e+02
3.590021e-01 9.230630e+02 2.432724e+02
3.610015e-01 9.078838e+02 2.283493e+02
3.630011e-01 9.064233e+02 2.258301e+02
3.650008e-01 8.914592e+02 2.161097e+02
3.670028e-01 8.866865e+02 2.395317e+02
3.690025e-01 8.858440e+02 2.548075e+02
3.710012e-01 8.804805e+02 2.438434e+02
3.730023e-01 8.595437e+02 1.939511e+02
3.750033e-01 8.419858e+02 2.032062e+02
3.770021e-01 8.522690e+02 1.982999e+02
3.790015e-01 8.369167e+02 2.116559e+02
3.810015e-01 8.164092e+02 2.181576e+02
3.830019e-01 8.135186e+02 2.416984e+02
3.850009e-01 8.108257e+02 2.282587e+02
3.870004e-01 7.983843e+02 2.088284e+02
3.890013e-01 7.904661e+02 2.068117e+02
3.910020e-01 7.854712e+02 1.896357e+02
3.930018e-01 7.778186e+02 1.794393e+02
3.950017e-01 7.662332e+02 2.102520e+02
3.970011e-01 7.590054e+02 2.010141e+02
3.990015e-01 7.526746e+02 2.026062e+02
4.010004e-01 7.478000e+02 2.104762e+02
4.030004e-01 7.349539e+02 1.906461e+02
4.050009e-01 7.257344e+02 1.655925e+02
4.070012e-01 7.328396e+02 1.687708e+02
4.090006e-01 7.183130e+02 1.671438e+02
4.110008e-01 7.054905e+02 1.619926e+02
4.130015e-01 7.006562e+02 1.719208e+02
4.150017e-01 6.920615e+02 1.687790e+02
4.170019e-01 6.896763e+02 1.643203e+02
4.190024e-01 6.789875e+02 1.665984e+02
4.210027e-01 6.761545e+02 1.642672e+02
4.230026e-01 6.728147e+02 1.654816e+02
4.250011e-01 6.579197e+02 1.373343e+02
4.270020e-01 6.513965e+02 1.299977e+02
4.290017e-01 6.459102e+02 1.453960e+02
4.310020e-01 6.369761e+02 1.556635e+02
4.330021e-01 6.283364e+02 1.335395e+02
4.350017e-01 6.339646e+02 1.364334e+02
4.370019e-01 6.201628e+02 1.269004e+02
4.390029e-01 6.152727e+02 1.329876e+02
4.410026e-01 6.073296e+02 1.377193e+02
4.430030e-01 6.059409e+02 1.449417e+02
4.450021e-01 6.067539e+02 1.608963e+02
4.470013e-01 5.959102e+02 1.257661e+02
4.490011e-01 5.899390e+02 1.211022e+02
4.510010e-01 5.901416e+02 1.399499e+02
4.530014e-01 5.779294e+02 1.376460e+02
4.550020e-01 5.740344e+02 1.354809e+02
4.570023e-01 5.710183e+02 1.334878e+02
4.590021e-01 5.607083e+02 1.111814e+02
4.610012e-01 5.521711e+02 1.150041e+02
4.630012e-01 5.408887e+02 1.128818e+02
4.650007e-01 5.400884e+02 1.076070e+02
4.670011e-01 5.415093e+02 1.152645e+02
4.690015e-01 5.351807e+02 1.131894e+02
4.710013e-01 5.348503e+02 1.241313e+02
4.730009e-01 5.214951e+02 1.121406e+02
4.750012e-01 5.255906e+02 1.190215e+02
4.770023e-01 5.136222e+02 1.080987e+02
4.790018e-01 5.103616e+02 1.005190e+02
4.810008e-01 5.109517e+02 1.098117e+02
4.830014e-01 5.044082e+02 9.040916e+01
4.850016e-01 4.939480e+02 9.950353e+01
4.870014e-01 4.905092e+02 9.028319e+01
4.890017e-01 4.821350e+02 8.835493e+01
4.910020e-01 4.857898e+02 8.743367e+01
4.930014e-01 4.820723e+02 8.624640e+01
4.950005e-01 4.829592e+02 8.531658e+01
4.970008e-01 4.671218e+02 1.004795e+02
4.990023e-01 4.655778e+02 9.222432e+01
5.010024e-01 4.622889e+02 9.223328e+01
5.030026e-01 4.600298e+02 8.190010e+01
5.050018e-01 4.531237e+02 7.229222e+01
5.070022e-01 4.483643e+02 8.357161e+01
5.090014e-01 4.478785e+02 8.097102e+01
5.110011e-01 4.486377e+02 8.273715e+01
5.130019e-01 4.436332e+02 7.273815e+01
5.150023e-01 4.324943e+02 6.787135e+01
5.170017e-01 4.307812e+02 7.162806e+01
5.190014e-01 4.279496e+02 6.703577e+01
5.210016e-01 4.209064e+02 6.270995e+01
5.230020e-01 4.120232e+02 6.140571e+01
5.250016e-01 4.167441e+02 6.816087e+01
5.270013e-01 4.167681e+02 8.423209e+01
5.290012e-01 4.083352e+02 7.525764e+01
5.310017e-01 4.125786e+02 7.187747e+01
5.330015e-01 3.984557e+02 7.516512e+01
