3.055687e-03 1.616316e+04 9.715939e+03
5.077059e-03 1.537367e+04 5.493546e+03
7.071830e-03 2.359077e+04 1.065260e+04
9.043525e-03 2.754661e+04 2.471434e+04
1.101644e-02 2.866500e+04 3.171088e+04
1.300881e-02 2.976464e+04 1.517168e+04
1.502279e-02 2.704292e+04 1.408529e+04
1.703090e-02 2.995773e+04 1.464574e+04
1.901929e-02 2.882541e+04 7.191656e+03
2.101495e-02 2.681422e+04 1.416678e+04
2.301804e-02 2.742737e+04 1.097915e+04
2.502101e-02 2.442268e+04 9.482421e+03
2.702564e-02 2.387727e+04 1.222061e+04
2.902125e-02 2.281970e+04 1.490110e+04
3.101773e-02 2.240901e+04 1.276644e+04
3.302302e-02 2.110009e+04 1.149242e+04
3.502111e-02 2.015801e+04 9.860562e+03
3.701524e-02 2.041881e+04 1.064731e+04
3.902335e-02 1.912785e+04 9.636323e+03
4.102588e-02 1.819894e+04 8.080854e+03
4.301630e-02 1.689106e+04 7.057682e+03
4.500316e-02 1.583896e+04 8.278916e+03
4.701430e-02 1.557354e+04 8.970585e+03
4.901737e-02 1.509705e+04 8.096743e+03
5.101292e-02 1.452472e+04 7.171078e+03
5.301041e-02 1.439806e+04 8.038698e+03
5.501198e-02 1.416050e+04 7.179701e+03
5.701245e-02 1.398856e+04 7.942767e+03
5.901176e-02 1.338209e+04 6.269485e+03
6.101436e-02 1.324509e+04 7.250983e+03
6.300835e-02 1.277069e+04 6.675617e+03
6.500657e-02 1.230723e+04 5.080127e+03
6.701158e-02 1.196703e+04 5.115015e+03
6.901351e-02 1.206267e+04 5.112424e+03
7.101433e-02 1.203083e+04 6.427867e+03
7.301104e-02 1.113802e+04 6.640284e+03
7.501049e-02 1.070003e+04 5.882517e+03
7.701129e-02 1.044566e+04 5.000215e+03
7.900983e-02 1.027945e+04 4.824322e+03
8.101265e-02 9.828691e+03 5.381438e+03
8.301362e-02 9.554158e+03 5.181402e+03
8.500617e-02 9.304855e+03 5.086368e+03
8.700969e-02 8.861363e+03 4.014200e+03
8.901165e-02 8.443309e+03 3.714963e+03
9.100750e-02 8.169987e+03 3.666973e+03
9.300897e-02 7.862066e+03 3.514825e+03
9.501151e-02 7.430316e+03 3.543316e+03
9.701150e-02 7.044990e+03 3.178310e+03
9.901112e-02 6.950714e+03 3.090241e+03
1.010111e-01 6.772240e+03 3.294000e+03
1.030098e-01 6.502724e+03 3.011927e+03
1.050089e-01 6.236478e+03 2.493862e+03
1.070090e-01 6.336821e+03 2.727638e+03
1.090058e-01 6.235701e+03 2.715175e+03
1.110088e-01 6.062011e+03 2.650000e+03
1.130096e-01 6.037226e+03 2.489692e+03
1.150108e-01 5.869118e+03 2.217993e+03
1.170104e-01 5.675595e+03 2.406439e+03
1.190091e-01 5.597727e+03 2.451207e+03
1.210079e-01 5.602940e+03 2.567862e+03
1.230046e-01 5.386789e+03 2.464550e+03
1.250049e-01 5.379291e+03 2.481171e+03
1.270083e-01 5.337447e+03 2.413014e+03
1.290055e-01 5.132687e+03 2.207350e+03
1.310052e-01 5.049691e+03 2.077194e+03
1.330052e-01 4.899106e+03 1.732047e+03
1.350040e-01 4.821972e+03 2.084369e+03
1.370026e-01 4.728339e+03 2.120329e+03
1.390031e-01 4.608573e+03 1.953001e+03
1.410047e-01 4.474962e+03 1.755751e+03
1.430063e-01 4.451628e+03 1.828533e+03
1.450050e-01 4.357979e+03 1.950844e+03
1.470050e-01 4.164168e+03 1.709348e+03
1.490050e-01 4.054524e+03 1.611161e+03
1.510079e-01 3.920156e+03 1.573762e+03
1.530046e-01 3.834322e+03 1.505853e+03
1.550034e-01 3.771752e+03 1.526388e+03
1.570034e-01 3.721008e+03 1.631564e+03
1.590028e-01 3.606989e+03 1.584382e+03
1.610053e-01 3.546284e+03 1.522835e+03
1.630081e-01 3.455119e+03 1.453671e+03
1.650063e-01 3.407350e+03 1.513143e+03
1.670051e-01 3.374635e+03 1.358068e+03
1.690016e-01 3.318447e+03 1.296255e+03
1.710011e-01 3.270972e+03 1.302040e+03
1.730038e-01 3.206908e+03 1.305480e+03
1.750059e-01 3.211512e+03 1.400481e+03
1.770040e-01 3.126105e+03 1.273274e+03
1.790013e-01 3.071540e+03 1.259597e+03
1.810004e-01 2.984192e+03 1.200372e+03
1.830006e-01 2.961049e+03 1.254005e+03
1.849988e-01 2.941467e+03 1.214625e+03
1.870005e-01 2.889877e+03 1.103820e+03
1.890018e-01 2.852950e+03 1.123165e+03
1.910003e-01 2.822975e+03 1.002919e+03
1.930004e-01 2.787855e+03 1.010575e+03
1.950024e-01 2.718324e+03 9.838572e+02
1.970029e-01 2.651575e+03 9.102585e+02
1.990013e-01 2.604750e+03 8.972493e+02
2.010000e-01 2.594950e+03 9.058793e+02
2.030023e-01 2.528716e+03 8.718922e+02
2.050024e-01 2.482564e+03 8.549528e+02
2.070013e-01 2.429796e+03 8.599294e+02
2.090005e-01 2.434110e+03 9.589104e+02
2.110025e-01 2.371690e+03 8.504523e+02
2.130034e-01 2.325448e+03 8.610737e+02
2.150024e-01 2.307217e+03 9.208158e+02
2.170018e-01 2.217769e+03 8.658215e+02
2.190043e-01 2.214177e+03 7.588489e+02
2.210036e-01 2.145284e+03 7.353698e+02
2.230023e-01 2.120116e+03 6.975501e+02
2.250033e-01 2.113301e+03 7.460244e+02
2.270040e-01 2.061362e+03 7.010223e+02
2.290016e-01 2.052965e+03 7.228238e+02
2.310010e-01 2.018598e+03 7.069464e+02
2.330017e-01 1.983729e+03 6.898796e+02
2.350028e-01 1.973156e+03 6.237275e+02
2.370032e-01 1.931796e+03 6.095361e+02
2.390049e-01 1.895394e+03 6.689390e+02
2.410050e-01 1.896096e+03 6.378410e+02
2.430042e-01 1.909487e+03 6.441763e+02
2.450024e-01 1.877639e+03 6.257477e+02
2.470028e-01 1.815002e+03 5.679548e+02
2.490025e-01 1.806565e+03 6.179872e+02
2.510044e-01 1.783869e+03 6.022728e+02
2.530049e-01 1.759544e+03 5.729955e+02
2.550031e-01 1.727799e+03 4.998175e+02
2.570015e-01 1.692028e+03 5.524360e+02
2.590028e-01 1.676200e+03 5.201791e+02
2.610031e-01 1.658507e+03 5.298024e+02
2.630027e-01 1.652964e+03 5.797219e+02
2.650029e-01 1.605211e+03 5.817963e+02
2.670030e-01 1.606708e+03 5.806999e+02
2.690023e-01 1.554766e+03 5.413364e+02
2.710034e-01 1.545676e+03 5.478382e+02
2.730034e-01 1.534281e+03 5.142853e+02
2.750036e-01 1.497328e+03 4.451907e+02
2.770017e-01 1.484447e+03 4.377075e+02
2.790017e-01 1.482090e+03 4.644900e+02
2.810035e-01 1.449147e+03 4.538098e+02
2.830053e-01 1.447125e+03 4.423212e+02
2.850043e-01 1.424504e+03 4.652199e+02
2.870035e-01 1.395767e+03 5.187058e+02
2.890031e-01 1.388340e+03 4.428372e+02
2.910028e-01 1.343165e+03 3.823814e+02
2.930016e-01 1.342797e+03 3.996006e+02
2.950022e-01 1.305427e+03 4.000327e+02
2.970037e-01 1.305505e+03 4.168219e+02
2.990048e-01 1.297742e+03 4.114763e+02
3.010039e-01 1.288020e+03 4.198954e+02
3.030043e-01 1.278789e+03 3.763360e+02
3.050037e-01 1.268620e+03 3.746443e+02
3.070020e-01 1.250676e+03 3.536870e+02
3.090023e-01 1.230066e+03 3.369835e+02
3.110036e-01 1.224167e+03 3.446832e+02
3.130031e-01 1.220899e+03 3.347834e+02
3.150022e-01 1.195914e+03 3.151497e+02
3.170011e-01 1.176143e+03 3.267673e+02
3.190007e-01 1.158306e+03 3.224579e+02
3.210010e-01 1.164177e+03 3.333911e+02
3.230025e-01 1.140575e+03 3.525749e+02
3.250021e-01 1.111018e+03 3.080987e+02
3.270022e-01 1.105343e+03 3.130406e+02
3.290021e-01 1.094767e+03 2.991508e+02
3.310014e-01 1.078599e+03 2.927393e+02
3.330016e-01 1.083731e+03 3.030136e+02
3.350024e-01 1.052802e+03 2.805584e+02
3.370023e-01 1.047931e+03 2.610287e+02
3.390021e-01 1.042535e+03 2.868564e+02
3.410012e-01 1.023664e+03 2.815642e+02
3.430024e-01 1.001880e+03 2.767582e+02
3.450023e-01 9.939268e+02 2.679267e+02
3.470025e-01 9.886489e+02 2.549392e+02
3.490030e-01 9.854871e+02 2.849454e+02
3.510025e-01 9.648464e+02 2.943033e+02
3.530013e-01 9.558806e+02 2.810834e+02
3.550018e-01 9.567847e+02 2.784865e+02
3.570014e-01 9.441799e+02 2.867934e+02
3.590015e-01 9.232180e+02 2.432762e+02
3.610018e-01 9.067129e+02 2.301965e+02
3.630017e-01 9.077932e+02 2.224910e+02
3.650015e-01 8.915605e+02 2.168544e+02
3.670016e-01 8.864316e+02 2.403827e+02
3.690014e-01 8.869150e+02 2.572231e+02
3.710014e-01 8.796357e+02 2.409286e+02
3.730019e-01 8.586182e+02 1.932170e+02
3.750027e-01 8.450088e+02 2.025627e+02
3.770020e-01 8.515403e+02 1.997476e+02
3.790024e-01 8.354424e+02 2.114699e+02
3.810024e-01 8.201267e+02 2.184261e+02
3.830020e-01 8.116147e+02 2.472692e+02
3.850009e-01 8.113865e+02 2.228816e+02
3.870008e-01 7.985234e+02 2.076480e+02
3.890000e-01 7.897900e+02 2.058837e+02
3.910002e-01 7.872668e+02 1.885935e+02
3.930007e-01 7.765776e+02 1.811734e+02
3.950014e-01 7.660176e+02 2.107852e+02
3.970016e-01 7.595386e+02 1.986607e+02
3.990010e-01 7.523745e+02 2.080623e+02
4.010002e-01 7.504468e+02 2.082913e+02
4.030006e-01 7.347751e+02 1.860077e+02
4.050015e-01 7.244797e+02 1.665661e+02
4.070020e-01 7.329719e+02 1.708330e+02
4.090010e-01 7.198701e+02 1.642968e+02
4.110011e-01 7.045522e+02 1.645818e+02
4.130010e-01 7.012109e+02 1.720358e+02
4.150003e-01 6.928533e+02 1.676883e+02
4.169999e-01 6.892080e+02 1.636121e+02
4.190013e-01 6.793606e+02 1.659212e+02
4.210013e-01 6.757881e+02 1.674267e+02
4.230013e-01 6.729004e+02 1.627002e+02
4.250017e-01 6.574487e+02 1.366451e+02
4.270017e-01 6.533274e+02 1.313662e+02
4.290022e-01 6.450735e+02 1.432265e+02
4.310020e-01 6.378110e+02 1.570039e+02
4.330016e-01 6.290244e+02 1.331444e+02
4.350024e-01 6.321636e+02 1.363344e+02
4.370026e-01 6.202502e+02 1.285898e+02
4.390021e-01 6.181760e+02 1.310531e+02
4.410013e-01 6.046538e+02 1.376221e+02
4.430014e-01 6.077708e+02 1.514258e+02
4.450021e-01 6.050930e+02 1.533194e+02
4.470019e-01 5.970898e+02 1.223397e+02
4.490015e-01 5.900823e+02 1.259534e+02
4.510018e-01 5.916289e+02 1.418216e+02
4.530015e-01 5.774746e+02 1.367560e+02
4.550012e-01 5.729390e+02 1.340173e+02
4.570009e-01 5.719131e+02 1.302947e+02
4.590012e-01 5.595046e+02 1.143335e+02
4.610013e-01 5.519268e+02 1.115006e+02
4.630012e-01 5.417878e+02 1.155702e+02
4.650013e-01 5.406827e+02 1.045549e+02
4.670018e-01 5.427822e+02 1.169716e+02
4.690022e-01 5.356127e+02 1.122003e+02
4.710019e-01 5.331313e+02 1.266816e+02
4.730019e-01 5.225198e+02 1.087404e+02
4.750020e-01 5.255045e+02 1.207745e+02
4.770012e-01 5.115189e+02 1.059935e+02
4.790014e-01 5.121230e+02 1.029018e+02
4.810017e-01 5.112883e+02 1.101929e+02
4.830029e-01 5.047681e+02 8.758435e+01
4.850022e-01 4.926456e+02 9.923808e+01
4.870016e-01 4.913236e+02 8.822183e+01
4.890023e-01 4.816146e+02 9.219239e+01
4.910022e-01 4.873907e+02 8.918174e+01
4.930013e-01 4.818517e+02 8.187093e+01
4.950015e-01 4.826343e+02 8.588266e+01
4.970014e-01 4.663352e+02 9.997894e+01
4.990008e-01 4.663409e+02 9.536568e+01
5.010003e-01 4.627460e+02 9.054096e+01
5.030010e-01 4.597119e+02 8.219537e+01
5.050014e-01 4.523826e+02 7.051170e+01
5.070011e-01 4.504824e+02 8.643413e+01
5.090011e-01 4.478425e+02 8.002505e+01
5.110009e-01 4.480846e+02 8.479742e+01
5.130013e-01 4.429272e+02 6.991444e+01
5.150016e-01 4.320797e+02 6.450295e+01
5.170014e-01 4.316383e+02 7.362595e+01
5.190018e-01 4.288840e+02 6.619505e+01
5.210013e-01 4.198253e+02 6.123190e+01
5.230009e-01 4.129817e+02 6.282630e+01
5.250003e-01 4.176885e+02 7.020735e+01
5.270007e-01 4.151429e+02 8.356767e+01
5.290018e-01 4.086868e+02 7.404603e+01
5.310017e-01 4.135614e+02 7.159608e+01
5.330015e-01 3.971165e+02 7.592416e+01
